Table 2:  Changes in numbers of species in the threatened categories (CR, EN, VU) from 1996 to 2017 (IUCN Red 
List version 2017-1) for the major taxonomic groups on the Red List
Changes in number of threatened species from year to year should not be directly interpreted as trends in the status of biodiversity. The figures displayed below reflect 
increased assessment efforts by IUCN and its Partners over time, rather than genuine changes in numbers of threatened species. For a clearer view of genuine trends in 
the status of biodiversity please refer to the IUCN Red List Index (see the section Trends in the status of biodiversity on the IUCN Red List website: 
http://www.iucnredlist.org/about/summary-statistics#TrendsInBiodiversityStatus).

Critically Endangered (CR)

IUCN Red List version 2017-1: Table 2
Last Updated: 04 May 2017

1996/98 2000
180
182
56
25
156
45
222
59

169
168
41
18
157
44
257
57
909
0

1,014

0

1996/98 2000
340
321
74
38
144
118
237
76

315
235
59
31
134
116
212
76

1,197

1,266

0

0

Group
Mammals
Birds
Reptiles
Amphibians
Fishes
Insects
Molluscs
Other Invertebrates
Plants
Fungi & Protists

Group
Mammals
Birds
Reptiles
Amphibians
Fishes
Insects
Molluscs
Other Invertebrates
Plants
Fungi & Protists

Group
Mammals
Birds
Reptiles
Amphibians
Fishes
Insects
Molluscs
Other Invertebrates
Plants
Fungi & Protists

1996/98 2000
610
680
161
83
452
392
479
300
3,331

612
704
153
75
443
377
451
300
3,222

0

0

2002
617
684
159
90
442
393
481
300
3,377

0

2003
609
681
158
90
444
389
474
302
3,864

0

2004
587
688
161
628
470
392
488
316
4,592

0

2006
583
674
167
631
681
426
488
323
4,591

0

1,046

1,276

1,490

1,541

1,569

1,575

0

1

1

2

2

2

2002
181
182
55
30
157
46
222
59

2002
339
326
79
37
143
118
236
77

2003
184
182
57
30
162
46
250
61

2003
337
331
78
37
144
118
243
76

2004
162
179
64
413
171
47
265
61

2004
352
345
79
729
160
120
221
82

2006
162
181
73
442
253
68
265
84

2006
348
351
101
738
237
129
222
96

1,291

1,634

2,239

2,258

0

1

1

1

2007
163
189
79
441
254
69
268
86

2008
188
190
86
475
289
70
268
99

2009
188
192
93
484
306
89
291
99

1,577

2

Endangered (EN)
2007
349
356
139
737
254
129
224
96

2008
448
361
134
755
269
132
224
165
2,280

2009
449
362
150
754
298
151
245
164
2,316

2,278

1

1

1

Vulnerable (VU)
2007
582
672
204
630
693
425
486
325
4,600

2008
505
671
203
675
717
424
486
628
4,602

2009
505
669
226
657
810
471
500
629
4,607

0

0

0

2010
188
190
106
486
376
89
373
132
1,619

2

2010
450
372
200
758
400
166
328
183
2,397

1

2010
493
678
288
654
1,075
478
587
568
4,708

0

2011
194
189
137
498
414
91
487
132
1,731

2

2011
447
382
284
764
477
169
417
183
2,564

1

2011
497
682
351
655
1,137
481
769
568
4,861

0

2012
196
197
144
509
415
119
549
132
1,821

2

2012
446
389
296
767
494
207
480
183
2,655

1

2012
497
727
367
657
1,149
503
828
569
4,914

0

2013
196
198
164
520
413
125
553
154
1,957

2

2013
447
397
329
783
530
247
486
224
3,009

1

2013
500
713
386
647
1,167
524
859
650
5,099

0

2014
213
213
174
518
443
168
576
205
2,119

2

2014
477
419
356
789
587
270
501
307
3,231

1

2014
509
741
397
650
1,192
555
873
685
5,234

0

2015
209
218
180
528
446
176
576
209
2,347

5

2015
481
416
361
810
614
305
503
311
3,510

11

2015
507
741
403
656
1,211
565
871
685
5,376

13

2016
204
225
237
546
461
226
586
211
2,506

8

2016
464
448
421
852
660
408
513
312
3,691

12

2016
526
787
421
670
1,238
634
885
695
5,446

14

2017
203
225
240
545
461
226
586
238
2,509

8

2017
464
448
424
852
660
419
513
330
3,701

12

2017
527
787
426
670
1,238
653
885
703
5,464

14

